$(function () {
var daily = {
rtsi: [
[1320062400000, 1563.28, 0, "31 10 11 16:00:00"],
[1320148800000, 1484.98, 0, "01 11 11 16:00:00"],
[1320235200000, 1526.19, 0, "02 11 11 16:00:00"],
[1320321600000, 1542.39, 0, "03 11 11 16:00:00"],
[1320667200000, 1563.24, 0, "07 11 11 16:00:00"],
[1320753600000, 1579.82, 0, "08 11 11 16:00:00"],
[1320840000000, 1512.85, 0, "09 11 11 16:00:00"],
[1320926400000, 1529.71, 0, "10 11 11 16:00:00"],
[1321012800000, 1530.7, 0, "11 11 11 16:00:00"],
[1321272000000, 1527.16, 0, "14 11 11 16:00:00"],
[1321358400000, 1526.98, 0, "15 11 11 16:00:00"],
[1321444800000, 1520.75, 0, "16 11 11 16:00:00"],
[1321531200000, 1512.67, 0, "17 11 11 16:00:00"],
[1321617600000, 1495.87, 0, "18 11 11 16:00:00"],
[1321876800000, 1424.97, 0, "21 11 11 16:00:00"],
[1321963200000, 1431.13, 0, "22 11 11 16:00:00"],
[1322049600000, 1422, 0, "23 11 11 16:00:00"],
[1322136000000, 1402.83, 0, "24 11 11 16:00:00"],
[1322222400000, 1413.18, 0, "25 11 11 16:00:00"],
[1322481600000, 1475.25, 0, "28 11 11 16:00:00"],
[1322568000000, 1466.36, 0, "29 11 11 16:00:00"],
[1322654400000, 1540.81, 0, "30 11 11 16:00:00"],
[1322740800000, 1546.7, 0, "01 12 11 16:00:00"],
[1322827200000, 1545.57, 0, "02 12 11 16:00:00"],
[1323086400000, 1559.28, 0, "05 12 11 16:00:00"],
[1323172800000, 1485.67, 0, "06 12 11 16:00:00"],
[1323259200000, 1467.69, 0, "07 12 11 16:00:00"],
[1323345600000, 1473.56, 0, "08 12 11 16:00:00"],
[1323432000000, 1410.28, 0, "09 12 11 16:00:00"],
[1323691200000, 1363.67, 0, "12 12 11 16:00:00"],
[1323777600000, 1387.13, 0, "13 12 11 16:00:00"],
[1323864000000, 1369.65, 0, "14 12 11 16:00:00"],
[1323950400000, 1395.28, 0, "15 12 11 16:00:00"],
[1324036800000, 1373.73, 0, "16 12 11 16:00:00"],
[1324296000000, 1370.11, 0, "19 12 11 16:00:00"],
[1324382400000, 1395.79, 0, "20 12 11 16:00:00"],
[1324468800000, 1382.5, 0, "21 12 11 16:00:00"],
[1324555200000, 1396.03, 0, "22 12 11 16:00:00"],
[1324641600000, 1394.12, 0, "23 12 11 16:00:00"],
[1324900800000, 1413.52, 0, "26 12 11 16:00:00"],
[1324987200000, 1398.51, 0, "27 12 11 16:00:00"],
[1325073600000, 1382.19, 0, "28 12 11 16:00:00"],
[1325160000000, 1365.13, 0, "29 12 11 16:00:00"],
[1325246400000, 1381.87, 0, "30 12 11 16:00:00"],
[1325592000000, 1434.23, 0, "03 01 12 16:00:00"],
[1325678400000, 1434.19, 0, "04 01 12 16:00:00"],
[1325764800000, 1415.48, 0, "05 01 12 16:00:00"],
[1325851200000, 1423.7, 0, "06 01 12 16:00:00"],
[1326110400000, 1430.13, 0, "09 01 12 16:00:00"],
[1326196800000, 1469.76, 0, "10 01 12 16:00:00"],
[1326283200000, 1452.69, 0, "11 01 12 16:00:00"],
[1326369600000, 1458.24, 0, "12 01 12 16:00:00"],
[1326456000000, 1446.46, 0, "13 01 12 16:00:00"],
[1326715200000, 1455.32, 0, "16 01 12 16:00:00"],
[1326801600000, 1476.31, 0, "17 01 12 16:00:00"],
[1326888000000, 1488.37, 0, "18 01 12 16:00:00"],
[1326974400000, 1503.89, 0, "19 01 12 16:00:00"],
[1327060800000, 1496.41, 0, "20 01 12 16:00:00"],
[1327320000000, 1522.57, 0, "23 01 12 16:00:00"],
[1327406400000, 1514.93, 0, "24 01 12 16:00:00"],
[1327492800000, 1534.14, 0, "25 01 12 16:00:00"],
[1327579200000, 1573.04, 0, "26 01 12 16:00:00"],
[1327665600000, 1565.82, 0, "27 01 12 16:00:00"],
[1327924800000, 1546.59, 0, "30 01 12 16:00:00"],
[1328011200000, 1577.29, 0, "31 01 12 16:00:00"],
[1328097600000, 1599.56, 0, "01 02 12 16:00:00"],
[1328184000000, 1602.99, 0, "02 02 12 16:00:00"],
[1328529600000, 1626.46, 0, "06 02 12 16:00:00"],
[1328616000000, 1632.35, 0, "07 02 12 16:00:00"],
[1328702400000, 1643.53, 0, "08 02 12 16:00:00"],
[1328788800000, 1638.09, 0, "09 02 12 16:00:00"],
[1328875200000, 1603.25, 0, "10 02 12 16:00:00"],
[1329134400000, 1645.94, 0, "13 02 12 16:00:00"],
[1329220800000, 1644.1, 0, "14 02 12 16:00:00"],
[1329307200000, 1661.36, 0, "15 02 12 16:00:00"],
[1329393600000, 1641.51, 0, "16 02 12 16:00:00"],
[1329480000000, 1656.6, 0, "17 02 12 16:00:00"],
[1329739200000, 1674.27, 0, "20 02 12 16:00:00"],
[1329825600000, 1655.35, 0, "21 02 12 16:00:00"],
[1329912000000, 1642.01, 0, "22 02 12 16:00:00"],
[1330084800000, 1722.05, 0, "24 02 12 16:00:00"],
[1330344000000, 1728.13, 0, "27 02 12 16:00:00"],
[1330430400000, 1708.16, 0, "28 02 12 16:00:00"],
[1330516800000, 1734.99, 0, "29 02 12 16:00:00"],
[1330603200000, 1723.57, 0, "01 03 12 16:00:00"],
[1330689600000, 1726.73, 0, "02 03 12 16:00:00"],
[1330948800000, 1752.17, 0, "05 03 12 16:00:00"],
[1331035200000, 1676.48, 0, "06 03 12 16:00:00"],
[1331121600000, 1677.21, 0, "07 03 12 16:00:00"],
[1331467200000, 1721.27, 0, "11 03 12 16:00:00"],
[1331553600000, 1714.12, 0, "12 03 12 16:00:00"],
[1331640000000, 1729.91, 0, "13 03 12 16:00:00"],
[1331726400000, 1752.02, 0, "14 03 12 16:00:00"],
[1331812800000, 1754.81, 0, "15 03 12 16:00:00"],
[1331899200000, 1748.32, 0, "16 03 12 16:00:00"],
[1332158400000, 1722.5, 0, "19 03 12 16:00:00"],
[1332244800000, 1693.07, 0, "20 03 12 16:00:00"],
[1332331200000, 1686.91, 0, "21 03 12 16:00:00"],
[1332417600000, 1653.8, 0, "22 03 12 16:00:00"],
[1332504000000, 1668.41, 0, "23 03 12 16:00:00"],
[1332763200000, 1712.85, 0, "26 03 12 16:00:00"],
[1332849600000, 1699.68, 0, "27 03 12 16:00:00"],
[1332936000000, 1647.44, 0, "28 03 12 16:00:00"],
[1333022400000, 1613.41, 0, "29 03 12 16:00:00"],
[1333108800000, 1637.73, 0, "30 03 12 16:00:00"],
[1333368000000, 1643.2, 0, "02 04 12 16:00:00"],
[1333454400000, 1681.8, 0, "03 04 12 16:00:00"],
[1333540800000, 1632.21, 0, "04 04 12 16:00:00"],
[1333627200000, 1642.62, 0, "05 04 12 16:00:00"],
[1333713600000, 1613.25, 0, "06 04 12 16:00:00"],
[1333972800000, 1622.07, 0, "09 04 12 16:00:00"],
[1334059200000, 1606.98, 0, "10 04 12 16:00:00"],
[1334145600000, 1615.69, 0, "11 04 12 16:00:00"],
[1334232000000, 1620.19, 0, "12 04 12 16:00:00"],
[1334318400000, 1612.74, 0, "13 04 12 16:00:00"],
[1334577600000, 1587.58, 0, "16 04 12 16:00:00"],
[1334664000000, 1585.4, 0, "17 04 12 16:00:00"],
[1334750400000, 1583.06, 0, "18 04 12 16:00:00"],
[1334836800000, 1609.56, 0, "19 04 12 16:00:00"],
[1334923200000, 1619.53, 0, "20 04 12 16:00:00"],
[1335182400000, 1572.88, 0, "23 04 12 16:00:00"],
[1335268800000, 1576.22, 0, "24 04 12 16:00:00"],
[1335355200000, 1583.42, 0, "25 04 12 16:00:00"],
[1335441600000, 1574.61, 0, "26 04 12 16:00:00"],
[1335528000000, 1594.2, 0, "27 04 12 16:00:00"],
[1335614400000, 1593.97, 0, "28 04 12 16:00:00"],
[1335960000000, 1569.1, 0, "02 05 12 16:00:00"],
[1336046400000, 1560.11, 0, "03 05 12 16:00:00"],
[1336132800000, 1498.05, 0, "04 05 12 16:00:00"],
[1336219200000, 1489.55, 0, "05 05 12 16:00:00"],
[1336392000000, 1488.64, 0, "07 05 12 16:00:00"],
[1336478400000, 1481.06, 0, "08 05 12 16:00:00"],
[1336651200000, 1489.45, 0, "10 05 12 16:00:00"],
[1336737600000, 1464.53, 0, "11 05 12 16:00:00"],
[1336824000000, 1453.91, 0, "12 05 12 16:00:00"],
[1336996800000, 1401.73, 0, "14 05 12 16:00:00"],
[1337083200000, 1400.77, 0, "15 05 12 16:00:00"],
[1337169600000, 1373.82, 0, "16 05 12 16:00:00"],
[1337256000000, 1313.43, 0, "17 05 12 16:00:00"],
[1337342400000, 1289.46, 0, "18 05 12 16:00:00"],
[1337601600000, 1318.29, 0, "21 05 12 16:00:00"],
[1337688000000, 1321.87, 0, "22 05 12 16:00:00"],
[1337774400000, 1264.29, 0, "23 05 12 16:00:00"],
[1337860800000, 1287.43, 0, "24 05 12 16:00:00"],
[1337947200000, 1272.69, 0, "25 05 12 16:00:00"],
[1338206400000, 1277.15, 0, "28 05 12 16:00:00"],
[1338292800000, 1307.03, 0, "29 05 12 16:00:00"],
[1338379200000, 1273.26, 0, "30 05 12 16:00:00"],
[1338465600000, 1242.43, 0, "31 05 12 16:00:00"],
[1338552000000, 1227.65, 0, "01 06 12 16:00:00"],
[1338811200000, 1239.99, 0, "04 06 12 16:00:00"],
[1338897600000, 1246.4, 0, "05 06 12 16:00:00"],
[1338984000000, 1277.54, 0, "06 06 12 16:00:00"],
[1339070400000, 1303.96, 0, "07 06 12 16:00:00"],
[1339156800000, 1282.48, 0, "08 06 12 16:00:00"],
[1339243200000, 1296.98, 0, "09 06 12 16:00:00"],
[1339588800000, 1309.58, 0, "13 06 12 16:00:00"],
[1339675200000, 1304.07, 0, "14 06 12 16:00:00"],
[1339761600000, 1337.5, 0, "15 06 12 16:00:00"],
[1340020800000, 1348.38, 0, "18 06 12 16:00:00"],
[1340107200000, 1350.15, 0, "19 06 12 16:00:00"],
[1340193600000, 1332.64, 0, "20 06 12 16:00:00"],
[1340280000000, 1306.85, 0, "21 06 12 16:00:00"],
[1340366400000, 1281.88, 0, "22 06 12 16:00:00"],
[1340625600000, 1261.89, 0, "25 06 12 16:00:00"],
[1340712000000, 1288.67, 0, "26 06 12 16:00:00"],
[1340798400000, 1306.82, 0, "27 06 12 16:00:00"],
[1340884800000, 1280.92, 0, "28 06 12 16:00:00"],
[1340971200000, 1350.51, 0, "29 06 12 16:00:00"],
[1341230400000, 1357.34, 0, "02 07 12 16:00:00"],
[1341316800000, 1408.43, 0, "03 07 12 16:00:00"],
[1341403200000, 1408.21, 0, "04 07 12 16:00:00"],
[1341489600000, 1388.07, 0, "05 07 12 16:00:00"],
[1341576000000, 1357.71, 0, "06 07 12 16:00:00"],
[1341835200000, 1352.5, 0, "09 07 12 16:00:00"],
[1341921600000, 1362.95, 0, "10 07 12 16:00:00"],
[1342008000000, 1355.86, 0, "11 07 12 16:00:00"],
[1342094400000, 1340.17, 0, "12 07 12 16:00:00"],
[1342180800000, 1368.69, 0, "13 07 12 16:00:00"],
[1342440000000, 1374.02, 0, "16 07 12 16:00:00"],
[1342526400000, 1382, 0, "17 07 12 16:00:00"],
[1342612800000, 1390.63, 0, "18 07 12 16:00:00"],
[1342699200000, 1413.97, 0, "19 07 12 16:00:00"],
[1342785600000, 1391.55, 0, "20 07 12 16:00:00"],
[1343044800000, 1323.96, 0, "23 07 12 16:00:00"],
[1343131200000, 1314.27, 0, "24 07 12 16:00:00"],
[1343217600000, 1318.31, 0, "25 07 12 16:00:00"],
[1343304000000, 1349.9, 0, "26 07 12 16:00:00"],
[1343390400000, 1382.82, 0, "27 07 12 16:00:00"],
[1343649600000, 1398.07, 0, "30 07 12 16:00:00"],
[1343736000000, 1377.35, 0, "31 07 12 16:00:00"],
[1343822400000, 1374.98, 0, "01 08 12 16:00:00"],
[1343995200000, 1398.33, 0, "03 08 12 16:00:00"],
[1344254400000, 1433.54, 0, "06 08 12 16:00:00"],
[1344340800000, 1445.34, 0, "07 08 12 16:00:00"],
[1344427200000, 1444.79, 0, "08 08 12 16:00:00"],
[1344513600000, 1447.09, 0, "09 08 12 16:00:00"],
[1344600000000, 1427.33, 0, "10 08 12 16:00:00"],
[1344859200000, 1436.15, 0, "13 08 12 16:00:00"],
[1344945600000, 1445.29, 0, "14 08 12 16:00:00"],
[1345032000000, 1427.67, 0, "15 08 12 16:00:00"],
[1345118400000, 1431.07, 0, "16 08 12 16:00:00"],
[1345204800000, 1416.78, 0, "17 08 12 16:00:00"],
[1345464000000, 1403.55, 0, "20 08 12 16:00:00"],
[1345550400000, 1442.72, 0, "21 08 12 16:00:00"],
[1345636800000, 1430.48, 0, "22 08 12 16:00:00"],
[1345723200000, 1442.94, 0, "23 08 12 16:00:00"],
[1345809600000, 1436.84, 0, "24 08 12 16:00:00"],
[1346068800000, 1431.53, 0, "27 08 12 16:00:00"],
[1346155200000, 1428.88, 0, "28 08 12 16:00:00"],
[1346241600000, 1410.16, 0, "29 08 12 16:00:00"],
[1346328000000, 1384.26, 0, "30 08 12 16:00:00"],
[1346414400000, 1389.72, 0, "31 08 12 16:00:00"],
[1346673600000, 1406.04, 0, "03 09 12 16:00:00"],
[1346760000000, 1405.71, 0, "04 09 12 16:00:00"],
[1346846400000, 1391.02, 0, "05 09 12 16:00:00"],
[1346932800000, 1437.37, 0, "06 09 12 16:00:00"],
[1347019200000, 1471.8, 0, "07 09 12 16:00:00"],
[1347278400000, 1476.44, 0, "10 09 12 16:00:00"],
[1347364800000, 1480.05, 0, "11 09 12 16:00:00"],
[1347451200000, 1482.51, 0, "12 09 12 16:00:00"],
[1347537600000, 1484.88, 0, "13 09 12 16:00:00"],
[1347624000000, 1589.4, 0, "14 09 12 16:00:00"],
[1347883200000, 1582.22, 0, "17 09 12 16:00:00"],
[1347969600000, 1547.74, 0, "18 09 12 16:00:00"],
[1348056000000, 1517.58, 0, "19 09 12 16:00:00"],
[1348142400000, 1515.88, 0, "20 09 12 16:00:00"],
[1348228800000, 1522.63, 0, "21 09 12 16:00:00"],
[1348488000000, 1509.58, 0, "24 09 12 16:00:00"],
[1348574400000, 1510.96, 0, "25 09 12 16:00:00"],
[1348660800000, 1456.99, 0, "26 09 12 16:00:00"],
[1348747200000, 1474.76, 0, "27 09 12 16:00:00"],
[1348833600000, 1475.70, 0, "28 09 12 16:00:00"],
[1349092800000, 1513.81, 0, "01 10 12 16:00:00"],
[1349179200000, 1507.77, 0, "02 10 12 16:00:00"],
[1349265600000, 1492.30, 0, "03 10 12 16:00:00"],
[1349352000000, 1483.03, 0, "04 10 12 16:00:00"],
[1349438400000, 1508.72, 0, "05 10 12 16:00:00"],
[1349697600000, 1492.51, 0, "08 10 12 16:00:00"],
[1349784000000, 1494.16, 0, "09 10 12 16:00:00"],
[1349870400000, 1483.84, 0, "10 10 12 16:00:00"],
[1349956800000, 1490.41, 0, "11 10 12 16:00:00"],
[1350043200000, 1472.36, 0, "12 10 12 16:00:00"]
],
lse: [
[1320062400000, 5544.2, 0, "31 10 11 16:00:00"],
[1320148800000, 5421.6, 0, "01 11 11 16:00:00"],
[1320235200000, 5484.1, 0, "02 11 11 16:00:00"],
[1320321600000, 5545.6, 0, "03 11 11 16:00:00"],
[1320408000000, 5527.2, 0, "04 11 11 16:00:00"],
[1320667200000, 5510.8, 0, "07 11 11 16:00:00"],
[1320753600000, 5567.3, 0, "08 11 11 16:00:00"],
[1320840000000, 5460.4, 0, "09 11 11 16:00:00"],
[1320926400000, 5444.8, 0, "10 11 11 16:00:00"],
[1321012800000, 5545.4, 0, "11 11 11 16:00:00"],
[1321272000000, 5519, 0, "14 11 11 16:00:00"],
[1321358400000, 5517.4, 0, "15 11 11 16:00:00"],
[1321444800000, 5509, 0, "16 11 11 16:00:00"],
[1321531200000, 5423.1, 0, "17 11 11 16:00:00"],
[1321617600000, 5362.9, 0, "18 11 11 16:00:00"],
[1321876800000, 5222.6, 0, "21 11 11 16:00:00"],
[1321963200000, 5206.8, 0, "22 11 11 16:00:00"],
[1322049600000, 5139.8, 0, "23 11 11 16:00:00"],
[1322136000000, 5127.6, 0, "24 11 11 16:00:00"],
[1322222400000, 5164.6, 0, "25 11 11 16:00:00"],
[1322481600000, 5312.8, 0, "28 11 11 16:00:00"],
[1322568000000, 5337, 0, "29 11 11 16:00:00"],
[1322654400000, 5505.4, 0, "30 11 11 16:00:00"],
[1322740800000, 5489.3, 0, "01 12 11 16:00:00"],
[1322827200000, 5552.3, 0, "02 12 11 16:00:00"],
[1323086400000, 5568, 0, "05 12 11 16:00:00"],
[1323172800000, 5568.7, 0, "06 12 11 16:00:00"],
[1323259200000, 5546.9, 0, "07 12 11 16:00:00"],
[1323345600000, 5483.8, 0, "08 12 11 16:00:00"],
[1323432000000, 5529.2, 0, "09 12 11 16:00:00"],
[1323691200000, 5427.9, 0, "12 12 11 16:00:00"],
[1323777600000, 5490.1, 0, "13 12 11 16:00:00"],
[1323864000000, 5366.8, 0, "14 12 11 16:00:00"],
[1323950400000, 5400.9, 0, "15 12 11 16:00:00"],
[1324036800000, 5387.3, 0, "16 12 11 16:00:00"],
[1324296000000, 5365, 0, "19 12 11 16:00:00"],
[1324382400000, 5419.6, 0, "20 12 11 16:00:00"],
[1324468800000, 5389.7, 0, "21 12 11 16:00:00"],
[1324555200000, 5457, 0, "22 12 11 16:00:00"],
[1324641600000, 5512.7, 0, "23 12 11 16:00:00"],
[1325073600000, 5507.4, 0, "28 12 11 16:00:00"],
[1325160000000, 5566.8, 0, "29 12 11 16:00:00"],
[1325246400000, 5572.3, 0, "30 12 11 16:00:00"],
[1325592000000, 5699.9, 0, "03 01 12 16:00:00"],
[1325678400000, 5668.5, 0, "04 01 12 16:00:00"],
[1325764800000, 5624.3, 0, "05 01 12 16:00:00"],
[1325851200000, 5649.7, 0, "06 01 12 16:00:00"],
[1326110400000, 5612.3, 0, "09 01 12 16:00:00"],
[1326196800000, 5696.7, 0, "10 01 12 16:00:00"],
[1326283200000, 5670.8, 0, "11 01 12 16:00:00"],
[1326369600000, 5662.4, 0, "12 01 12 16:00:00"],
[1326456000000, 5636.6, 0, "13 01 12 16:00:00"],
[1326715200000, 5657.4, 0, "16 01 12 16:00:00"],
[1326801600000, 5694, 0, "17 01 12 16:00:00"],
[1326888000000, 5702.4, 0, "18 01 12 16:00:00"],
[1326974400000, 5741.1, 0, "19 01 12 16:00:00"],
[1327060800000, 5728.5, 0, "20 01 12 16:00:00"],
[1327320000000, 5782.6, 0, "23 01 12 16:00:00"],
[1327406400000, 5751.9, 0, "24 01 12 16:00:00"],
[1327492800000, 5723, 0, "25 01 12 16:00:00"],
[1327579200000, 5795.2, 0, "26 01 12 16:00:00"],
[1327665600000, 5733.5, 0, "27 01 12 16:00:00"],
[1327924800000, 5671.1, 0, "30 01 12 16:00:00"],
[1328011200000, 5681.6, 0, "31 01 12 16:00:00"],
[1328097600000, 5790.7, 0, "01 02 12 16:00:00"],
[1328184000000, 5796.1, 0, "02 02 12 16:00:00"],
[1328270400000, 5901.1, 0, "03 02 12 16:00:00"],
[1328529600000, 5892.2, 0, "06 02 12 16:00:00"],
[1328616000000, 5890.3, 0, "07 02 12 16:00:00"],
[1328702400000, 5875.9, 0, "08 02 12 16:00:00"],
[1328788800000, 5895.5, 0, "09 02 12 16:00:00"],
[1328875200000, 5852.4, 0, "10 02 12 16:00:00"],
[1329134400000, 5905.7, 0, "13 02 12 16:00:00"],
[1329220800000, 5899.9, 0, "14 02 12 16:00:00"],
[1329307200000, 5892.2, 0, "15 02 12 16:00:00"],
[1329393600000, 5885.4, 0, "16 02 12 16:00:00"],
[1329480000000, 5905.1, 0, "17 02 12 16:00:00"],
[1329739200000, 5945.3, 0, "20 02 12 16:00:00"],
[1329825600000, 5928.2, 0, "21 02 12 16:00:00"],
[1329912000000, 5916.5, 0, "22 02 12 16:00:00"],
[1329998400000, 5937.9, 0, "23 02 12 16:00:00"],
[1330084800000, 5935.1, 0, "24 02 12 16:00:00"],
[1330344000000, 5915.5, 0, "27 02 12 16:00:00"],
[1330430400000, 5927.9, 0, "28 02 12 16:00:00"],
[1330516800000, 5871.5, 0, "29 02 12 16:00:00"],
[1330603200000, 5931.3, 0, "01 03 12 16:00:00"],
[1330689600000, 5911.1, 0, "02 03 12 16:00:00"],
[1330948800000, 5874.8, 0, "05 03 12 16:00:00"],
[1331035200000, 5765.8, 0, "06 03 12 16:00:00"],
[1331121600000, 5791.4, 0, "07 03 12 16:00:00"],
[1331208000000, 5859.7, 0, "08 03 12 16:00:00"],
[1331294400000, 5887.5, 0, "09 03 12 16:00:00"],
[1331553600000, 5892.8, 0, "12 03 12 16:00:00"],
[1331640000000, 5955.9, 0, "13 03 12 16:00:00"],
[1331726400000, 5945.4, 0, "14 03 12 16:00:00"],
[1331812800000, 5940.7, 0, "15 03 12 16:00:00"],
[1331899200000, 5965.6, 0, "16 03 12 16:00:00"],
[1332158400000, 5961.1, 0, "19 03 12 16:00:00"],
[1332244800000, 5891.4, 0, "20 03 12 16:00:00"],
[1332331200000, 5892, 0, "21 03 12 16:00:00"],
[1332417600000, 5845.6, 0, "22 03 12 16:00:00"],
[1332504000000, 5854.9, 0, "23 03 12 16:00:00"],
[1332763200000, 5902.7, 0, "26 03 12 16:00:00"],
[1332849600000, 5869.5, 0, "27 03 12 16:00:00"],
[1332936000000, 5809, 0, "28 03 12 16:00:00"],
[1333022400000, 5742, 0, "29 03 12 16:00:00"],
[1333108800000, 5768.5, 0, "30 03 12 16:00:00"],
[1333368000000, 5874.9, 0, "02 04 12 16:00:00"],
[1333454400000, 5838.3, 0, "03 04 12 16:00:00"],
[1333540800000, 5703.8, 0, "04 04 12 16:00:00"],
[1333627200000, 5723.7, 0, "05 04 12 16:00:00"],
[1334059200000, 5595.5, 0, "10 04 12 16:00:00"],
[1334145600000, 5634.7, 0, "11 04 12 16:00:00"],
[1334232000000, 5710.5, 0, "12 04 12 16:00:00"],
[1334318400000, 5651.8, 0, "13 04 12 16:00:00"],
[1334577600000, 5666.3, 0, "16 04 12 16:00:00"],
[1334664000000, 5767, 0, "17 04 12 16:00:00"],
[1334750400000, 5745.3, 0, "18 04 12 16:00:00"],
[1334836800000, 5744.5, 0, "19 04 12 16:00:00"],
[1334923200000, 5772.1, 0, "20 04 12 16:00:00"],
[1335182400000, 5665.6, 0, "23 04 12 16:00:00"],
[1335268800000, 5709.5, 0, "24 04 12 16:00:00"],
[1335355200000, 5718.9, 0, "25 04 12 16:00:00"],
[1335441600000, 5748.7, 0, "26 04 12 16:00:00"],
[1335528000000, 5777.1, 0, "27 04 12 16:00:00"],
[1335787200000, 5737.8, 0, "30 04 12 16:00:00"],
[1335873600000, 5812.2, 0, "01 05 12 16:00:00"],
[1335960000000, 5758.1, 0, "02 05 12 16:00:00"],
[1336046400000, 5766.5, 0, "03 05 12 16:00:00"],
[1336132800000, 5655.1, 0, "04 05 12 16:00:00"],
[1336478400000, 5554.5, 0, "08 05 12 16:00:00"],
[1336564800000, 5530, 0, "09 05 12 16:00:00"],
[1336651200000, 5544, 0, "10 05 12 16:00:00"],
[1336737600000, 5575.5, 0, "11 05 12 16:00:00"],
[1336996800000, 5465.5, 0, "14 05 12 16:00:00"],
[1337083200000, 5437.6, 0, "15 05 12 16:00:00"],
[1337169600000, 5405.3, 0, "16 05 12 16:00:00"],
[1337256000000, 5338.4, 0, "17 05 12 16:00:00"],
[1337342400000, 5267.6, 0, "18 05 12 16:00:00"],
[1337601600000, 5304.5, 0, "21 05 12 16:00:00"],
[1337688000000, 5403.3, 0, "22 05 12 16:00:00"],
[1337774400000, 5266.4, 0, "23 05 12 16:00:00"],
[1337860800000, 5350, 0, "24 05 12 16:00:00"],
[1337947200000, 5351.5, 0, "25 05 12 16:00:00"],
[1338206400000, 5356.3, 0, "28 05 12 16:00:00"],
[1338292800000, 5391.1, 0, "29 05 12 16:00:00"],
[1338379200000, 5297.3, 0, "30 05 12 16:00:00"],
[1338465600000, 5320.9, 0, "31 05 12 16:00:00"],
[1338552000000, 5260.2, 0, "01 06 12 16:00:00"],
[1338984000000, 5384.1, 0, "06 06 12 16:00:00"],
[1339070400000, 5447.8, 0, "07 06 12 16:00:00"],
[1339156800000, 5435.1, 0, "08 06 12 16:00:00"],
[1339416000000, 5432.4, 0, "11 06 12 16:00:00"],
[1339502400000, 5473.7, 0, "12 06 12 16:00:00"],
[1339588800000, 5483.8, 0, "13 06 12 16:00:00"],
[1339675200000, 5467, 0, "14 06 12 16:00:00"],
[1339761600000, 5478.8, 0, "15 06 12 16:00:00"],
[1340020800000, 5491.1, 0, "18 06 12 16:00:00"],
[1340107200000, 5586.3, 0, "19 06 12 16:00:00"],
[1340193600000, 5622.3, 0, "20 06 12 16:00:00"],
[1340280000000, 5566.4, 0, "21 06 12 16:00:00"],
[1340366400000, 5513.7, 0, "22 06 12 16:00:00"],
[1340625600000, 5450.6, 0, "25 06 12 16:00:00"],
[1340712000000, 5447, 0, "26 06 12 16:00:00"],
[1340798400000, 5523.9, 0, "27 06 12 16:00:00"],
[1340884800000, 5493.1, 0, "28 06 12 16:00:00"],
[1340971200000, 5571.1, 0, "29 06 12 16:00:00"],
[1341230400000, 5601.02, 0, "02 07 12 16:00:00"],
[1341316800000, 5651.78, 0, "03 07 12 16:00:00"],
[1341403200000, 5674.43, 0, "04 07 12 16:00:00"],
[1341489600000, 5693.21, 0, "05 07 12 16:00:00"],
[1341576000000, 5687.63, 0, "06 07 12 16:00:00"],
[1341835200000, 5637.67, 0, "09 07 12 16:00:00"],
[1341921600000, 5626.24, 0, "10 07 12 16:00:00"],
[1342008000000, 5639.58, 0, "11 07 12 16:00:00"],
[1342094400000, 5628.31, 0, "12 07 12 16:00:00"],
[1342180800000, 5632.16, 0, "13 07 12 16:00:00"],
[1342440000000, 5658.67, 0, "16 07 12 16:00:00"],
[1342526400000, 5666.85, 0, "17 07 12 16:00:00"],
[1342612800000, 5638.05, 0, "18 07 12 16:00:00"],
[1342699200000, 5696.45, 0, "19 07 12 16:00:00"],
[1342785600000, 5696.44, 0, "20 07 12 16:00:00"],
[1343044800000, 5568.69, 0, "23 07 12 16:00:00"],
[1343131200000, 5527.61, 0, "24 07 12 16:00:00"],
[1343217600000, 5486.33, 0, "25 07 12 16:00:00"],
[1343304000000, 5498.22, 0, "26 07 12 16:00:00"],
[1343390400000, 5569.21, 0, "27 07 12 16:00:00"],
[1343649600000, 5650.42, 0, "30 07 12 16:00:00"],
[1343736000000, 5682.09, 0, "31 07 12 16:00:00"],
[1343822400000, 5659.63, 0, "01 08 12 16:00:00"],
[1343908800000, 5697.02, 0, "02 08 12 16:00:00"],
[1343995200000, 5697.27, 0, "03 08 12 16:00:00"],
[1344254400000, 5775.72, 0, "06 08 12 16:00:00"],
[1344340800000, 5811.47, 0, "07 08 12 16:00:00"],
[1344427200000, 5824.02, 0, "08 08 12 16:00:00"],
[1344513600000, 5851.5, 0, "09 08 12 16:00:00"],
[1344600000000, 5847.1, 0, "10 08 12 16:00:00"],
[1344859200000, 5831.9, 0, "13 08 12 16:00:00"],
[1344945600000, 5864.8, 0, "14 08 12 16:00:00"],
[1345032000000, 5833, 0, "15 08 12 16:00:00"],
[1345118400000, 5834.5, 0, "16 08 12 16:00:00"],
[1345204800000, 5852.4, 0, "17 08 12 16:00:00"],
[1345464000000, 5824.4, 0, "20 08 12 16:00:00"],
[1345550400000, 5857.5, 0, "21 08 12 16:00:00"],
[1345636800000, 5774.2, 0, "22 08 12 16:00:00"],
[1345723200000, 5776.6, 0, "23 08 12 16:00:00"],
[1345809600000, 5776.6, 0, "24 08 12 16:00:00"],
[1346155200000, 5775.7, 0, "28 08 12 16:00:00"],
[1346241600000, 5743.5, 0, "29 08 12 16:00:00"],
[1346328000000, 5719.5, 0, "30 08 12 16:00:00"],
[1346414400000, 5711.5, 0, "31 08 12 16:00:00"],
[1346673600000, 5758.4, 0, "03 09 12 16:00:00"],
[1346760000000, 5672, 0, "04 09 12 16:00:00"],
[1346846400000, 5657.9, 0, "05 09 12 16:00:00"],
[1346932800000, 5777.3, 0, "06 09 12 16:00:00"],
[1347019200000, 5794.8, 0, "07 09 12 16:00:00"],
[1347278400000, 5793.2, 0, "10 09 12 16:00:00"],
[1347364800000, 5792.2, 0, "11 09 12 16:00:00"],
[1347451200000, 5782.1, 0, "12 09 12 16:00:00"],
[1347537600000, 5819.9, 0, "13 09 12 16:00:00"],
[1347624000000, 5915.5, 0, "14 09 12 16:00:00"],
[1347883200000, 5893.5, 0, "17 09 12 16:00:00"],
[1347969600000, 5868.2, 0, "18 09 12 16:00:00"],
[1348056000000, 5888.5, 0, "19 09 12 16:00:00"],
[1348142400000, 5854.6, 0, "20 09 12 16:00:00"],
[1348228800000, 5852.6, 0, "21 09 12 16:00:00"],
[1348488000000, 5838.8, 0, "24 09 12 16:00:00"]
],
IRN_IS: [
[1320062400000, 4955, 0, "31 10 11 16:00:00"],
[1320148800000, 4958, 0, "01 11 11 16:00:00"],
[1320667200000, 4955, 0, "07 11 11 16:00:00"],
[1321272000000, 4959, 0, "14 11 11 16:00:00"],
[1321876800000, 4965, 0, "21 11 11 16:00:00"],
[1322481600000, 4965, 0, "28 11 11 16:00:00"],
[1322740800000, 4979, 0, "01 12 11 16:00:00"],
[1323086400000, 4972, 0, "05 12 11 16:00:00"],
[1323691200000, 4987, 0, "12 12 11 16:00:00"],
[1324296000000, 4993, 0, "19 12 11 16:00:00"],
[1324900800000, 4994, 0, "26 12 11 16:00:00"],
[1325419200000, 5008, 0, "01 01 12 16:00:00"],
[1325505600000, 5005, 0, "02 01 12 16:00:00"],
[1326110400000, 5010, 0, "09 01 12 16:00:00"],
[1326715200000, 5010, 0, "16 01 12 16:00:00"],
[1327320000000, 5021, 0, "23 01 12 16:00:00"],
[1327924800000, 5048, 0, "30 01 12 16:00:00"],
[1328097600000, 5091, 0, "01 02 12 16:00:00"],
[1328529600000, 5083, 0, "06 02 12 16:00:00"],
[1329134400000, 5114, 0, "13 02 12 16:00:00"],
[1329739200000, 5118, 0, "20 02 12 16:00:00"],
[1330344000000, 5135, 0, "27 02 12 16:00:00"],
[1330603200000, 5186, 0, "01 03 12 16:00:00"],
[1330948800000, 5178, 0, "05 03 12 16:00:00"],
[1331553600000, 5204, 0, "12 03 12 16:00:00"],
[1332158400000, 5226, 0, "19 03 12 16:00:00"],
[1332763200000, 5264, 0, "26 03 12 16:00:00"],
[1333281600000, 5282, 0, "01 04 12 16:00:00"],
[1333368000000, 5273, 0, "02 04 12 16:00:00"],
[1333972800000, 5279, 0, "09 04 12 16:00:00"],
[1334577600000, 5289, 0, "16 04 12 16:00:00"],
[1335182400000, 5306, 0, "23 04 12 16:00:00"],
[1335787200000, 5328, 0, "30 04 12 16:00:00"],
[1335873600000, 5325, 0, "01 05 12 16:00:00"],
[1336392000000, 5333, 0, "07 05 12 16:00:00"],
[1336996800000, 5333, 0, "14 05 12 16:00:00"],
[1337601600000, 5306, 0, "21 05 12 16:00:00"],
[1338206400000, 5261, 0, "28 05 12 16:00:00"],
[1338552000000, 5168, 0, "01 06 12 16:00:00"],
[1338811200000, 5186, 0, "04 06 12 16:00:00"],
[1339416000000, 5129, 0, "11 06 12 16:00:00"],
[1340020800000, 5097, 0, "18 06 12 16:00:00"],
[1340625600000, 5071, 0, "25 06 12 16:00:00"],
[1341144000000, 5015, 0, "01 07 12 16:00:00"],
[1341230400000, 5034, 0, "02 07 12 16:00:00"],
[1341835200000, 5022, 0, "09 07 12 16:00:00"],
[1342440000000, 4981, 0, "16 07 12 16:00:00"],
[1343044800000, 4967, 0, "23 07 12 16:00:00"],
[1343649600000, 4957, 0, "30 07 12 16:00:00"],
[1343822400000, 4957, 0, "01 08 12 16:00:00"],
[1344254400000, 4953, 0, "06 08 12 16:00:00"],
[1344859200000, 4953, 0, "13 08 12 16:00:00"],
[1345464000000, 4964, 0, "20 08 12 16:00:00"],
[1346068800000, 4986, 0, "27 08 12 16:00:00"],
[1346414400000, 5038, 0, "31 08 12 16:00:00"],
[1346673600000, 5005, 0, "03 09 12 16:00:00"],
[1347278400000, 5014, 0, "10 09 12 16:00:00"],
[1347883200000, 5065, 0, "17 09 12 16:00:00"],
[1348488000000, 5121, 0, "24 09 12 16:00:00"],
[1349006400000, 5135, 0, "30 09 12 16:00:00"]
]
};
var intraday = {
rtsi: [
[1352700060000, 1404.02, 0],
[1352700120000, 1406.4, 0],
[1352700180000, 1406.64, 0],
[1352700240000, 1406.56, 0],
[1352700300000, 1405.83, 0],
[1352700360000, 1406.05, 0],
[1352700420000, 1404.79, 0],
[1352700480000, 1404.69, 0],
[1352700540000, 1404.64, 0],
[1352700600000, 1404.83, 0],
[1352700660000, 1405.3, 0],
[1352700720000, 1404.85, 0],
[1352700780000, 1404.02, 0],
[1352700840000, 1403.32, 0],
[1352700900000, 1402.5, 0],
[1352700960000, 1403.08, 0],
[1352701020000, 1403.37, 0],
[1352701080000, 1403.32, 0],
[1352701140000, 1403.09, 0],
[1352701200000, 1403.06, 0],
[1352701260000, 1403.74, 0],
[1352701320000, 1403.97, 0],
[1352701380000, 1403.97, 0],
[1352701440000, 1403.63, 0],
[1352701500000, 1404.01, 0],
[1352701560000, 1403.99, 0],
[1352701620000, 1404.08, 0],
[1352701680000, 1404.25, 0],
[1352701740000, 1403.84, 0],
[1352701800000, 1403.23, 0],
[1352701860000, 1403.72, 0],
[1352701920000, 1403.69, 0],
[1352701980000, 1403.72, 0],
[1352702040000, 1403.9, 0],
[1352702100000, 1403.86, 0],
[1352702160000, 1403.9, 0],
[1352702220000, 1403.97, 0],
[1352702280000, 1403.87, 0],
[1352702340000, 1404.36, 0],
[1352702400000, 1404.19, 0],
[1352702460000, 1403.68, 0],
[1352702520000, 1403.65, 0],
[1352702580000, 1403.65, 0],
[1352702640000, 1402.75, 0],
[1352702700000, 1401.58, 0],
[1352702760000, 1402.43, 0],
[1352702820000, 1402.2, 0],
[1352702880000, 1402.29, 0],
[1352702940000, 1402.34, 0],
[1352703000000, 1402.24, 0],
[1352703060000, 1402, 0],
[1352703120000, 1401.98, 0],
[1352703180000, 1402.06, 0],
[1352703240000, 1401.92, 0],
[1352703300000, 1401.32, 0],
[1352703360000, 1400.57, 0],
[1352703420000, 1399.87, 0],
[1352703480000, 1399.97, 0],
[1352703540000, 1400.12, 0],
[1352703600000, 1400.26, 0],
[1352703660000, 1400, 0],
[1352703720000, 1398.89, 0],
[1352703780000, 1398.35, 0],
[1352703840000, 1397.75, 0],
[1352703900000, 1397.73, 0],
[1352703960000, 1397.52, 0],
[1352704020000, 1394.8, 0],
[1352704080000, 1394.9, 0],
[1352704140000, 1394.45, 0],
[1352704200000, 1393.87, 0],
[1352704260000, 1394.85, 0],
[1352704320000, 1395.3, 0],
[1352704380000, 1395.93, 0],
[1352704440000, 1396.37, 0],
[1352704500000, 1396.78, 0],
[1352704560000, 1396.62, 0],
[1352704620000, 1396.03, 0],
[1352704680000, 1396.54, 0],
[1352704740000, 1396.79, 0],
[1352704800000, 1396.34, 0],
[1352704860000, 1395.87, 0],
[1352704920000, 1395.51, 0],
[1352704980000, 1395.88, 0],
[1352705040000, 1395.93, 0],
[1352705100000, 1396.67, 0],
[1352705160000, 1396.61, 0],
[1352705220000, 1396.38, 0],
[1352705280000, 1396.73, 0],
[1352705340000, 1396.36, 0],
[1352705400000, 1396.38, 0],
[1352705460000, 1396.41, 0],
[1352705520000, 1396.46, 0],
[1352705580000, 1396.49, 0],
[1352705640000, 1396.28, 0],
[1352705700000, 1395.98, 0],
[1352705760000, 1394.86, 0],
[1352705820000, 1395.36, 0],
[1352705880000, 1395.76, 0],
[1352705940000, 1396.44, 0],
[1352706000000, 1396.75, 0],
[1352706060000, 1396.9, 0],
[1352706120000, 1396.56, 0],
[1352706180000, 1396.88, 0],
[1352706240000, 1396.97, 0],
[1352706300000, 1397.25, 0],
[1352706360000, 1397.36, 0],
[1352706420000, 1396.32, 0],
[1352706480000, 1396.22, 0],
[1352706540000, 1395.2, 0],
[1352706600000, 1395.02, 0],
[1352706660000, 1396.71, 0],
[1352706720000, 1396.87, 0],
[1352706780000, 1396.7, 0],
[1352706840000, 1396.29, 0],
[1352706900000, 1396.54, 0],
[1352706960000, 1396.5, 0],
[1352707020000, 1396.56, 0],
[1352707080000, 1396.69, 0],
[1352707140000, 1397.27, 0],
[1352707200000, 1396.37, 0],
[1352707260000, 1395.67, 0],
[1352707320000, 1393.14, 0],
[1352707380000, 1394.69, 0],
[1352707440000, 1394.71, 0],
[1352707500000, 1394.05, 0],
[1352707560000, 1394.36, 0],
[1352707620000, 1393.4, 0],
[1352707680000, 1393.71, 0],
[1352707740000, 1392.99, 0],
[1352707800000, 1392.5, 0],
[1352707860000, 1393.67, 0],
[1352707920000, 1393.52, 0],
[1352707980000, 1394.67, 0],
[1352708040000, 1395.33, 0],
[1352708100000, 1395.21, 0],
[1352708160000, 1394.8, 0],
[1352708220000, 1395.01, 0],
[1352708280000, 1394.65, 0],
[1352708340000, 1394.4, 0],
[1352708400000, 1394.87, 0],
[1352708460000, 1396.39, 0],
[1352708520000, 1398.7, 0],
[1352708580000, 1399.06, 0],
[1352708640000, 1399.41, 0],
[1352708700000, 1398.62, 0],
[1352708760000, 1398.31, 0],
[1352708820000, 1398.55, 0],
[1352708880000, 1398.3, 0],
[1352708940000, 1398.67, 0],
[1352709000000, 1398.43, 0],
[1352709060000, 1398.78, 0],
[1352709120000, 1398.32, 0],
[1352709180000, 1397.39, 0],
[1352709240000, 1397.4, 0],
[1352709300000, 1397.82, 0],
[1352709360000, 1397.13, 0],
[1352709420000, 1397.43, 0],
[1352709480000, 1397.03, 0],
[1352709540000, 1396.97, 0],
[1352709600000, 1397.63, 0],
[1352709660000, 1397.83, 0],
[1352709720000, 1397.75, 0],
[1352709780000, 1397.4, 0],
[1352709840000, 1397.28, 0],
[1352709900000, 1397.19, 0],
[1352709960000, 1396.76, 0],
[1352710020000, 1397, 0],
[1352710080000, 1395.86, 0],
[1352710140000, 1393.9, 0],
[1352710200000, 1393.03, 0],
[1352710260000, 1390.75, 0],
[1352710320000, 1392.2, 0],
[1352710380000, 1392.44, 0],
[1352710440000, 1391.81, 0],
[1352710500000, 1392.18, 0],
[1352710560000, 1393.03, 0],
[1352710620000, 1393.5, 0],
[1352710680000, 1393.98, 0],
[1352710740000, 1392.97, 0],
[1352710800000, 1393.18, 0],
[1352710860000, 1392.57, 0],
[1352710920000, 1392.82, 0],
[1352710980000, 1393.29, 0],
[1352711040000, 1393.12, 0],
[1352711100000, 1393.02, 0],
[1352711160000, 1393.88, 0],
[1352711220000, 1393.5, 0],
[1352711280000, 1392.93, 0],
[1352711340000, 1393.48, 0],
[1352711400000, 1393.22, 0],
[1352711460000, 1393.51, 0],
[1352711520000, 1393.79, 0],
[1352711580000, 1393.76, 0],
[1352711640000, 1392.94, 0],
[1352711700000, 1392.45, 0],
[1352711760000, 1393.79, 0],
[1352711820000, 1393.65, 0],
[1352711880000, 1393.56, 0],
[1352711940000, 1391.72, 0],
[1352712000000, 1393.26, 0],
[1352712060000, 1393.29, 0],
[1352712120000, 1393.74, 0],
[1352712180000, 1393.66, 0],
[1352712240000, 1394.31, 0],
[1352712300000, 1393.95, 0],
[1352712360000, 1393.94, 0],
[1352712420000, 1394.91, 0],
[1352712480000, 1394.59, 0],
[1352712540000, 1395.24, 0],
[1352712600000, 1394.77, 0],
[1352712660000, 1394.02, 0],
[1352712720000, 1394.09, 0],
[1352712780000, 1394.39, 0],
[1352712840000, 1395.13, 0],
[1352712900000, 1394.38, 0],
[1352712960000, 1393.77, 0],
[1352713020000, 1394.17, 0],
[1352713080000, 1393.68, 0],
[1352713140000, 1393.98, 0],
[1352713200000, 1394.06, 0],
[1352713260000, 1394.16, 0],
[1352713320000, 1393.68, 0],
[1352713380000, 1393.83, 0],
[1352713440000, 1394.01, 0],
[1352713500000, 1393.95, 0],
[1352713560000, 1395.54, 0],
[1352713620000, 1394.8, 0],
[1352713680000, 1395.58, 0],
[1352713740000, 1395.72, 0],
[1352713800000, 1396.27, 0],
[1352713860000, 1397.25, 0],
[1352713920000, 1397.13, 0],
[1352713980000, 1397.34, 0],
[1352714040000, 1396.9, 0],
[1352714100000, 1396.93, 0],
[1352714160000, 1396.85, 0],
[1352714220000, 1396.64, 0],
[1352714280000, 1396.48, 0]
//,null
],
lse: [
//,null
]
};
the_gflot = {
CBR_EUR: new GFlot({
id: 't_main_CBR_USD',
daily: daily.rtsi,
hideXAxis: true,
def_range: 'week', // year, day, week, month
no_selection: 1
}),
CBR_USD: new GFlot({
id: 't_main_CBR_EUR',
daily: daily.lse,
hideXAxis: true,
def_range: 'week', // year, day, week, month
no_selection: 1
}),
IRN_IS: new GFlot({
id: 't_main_IRN_IS',
daily: daily.IRN_IS,
hideXAxis: true,
def_range: 'month', // year, day, week
no_selection: 1,
last_point_only: 1
})
};
return;
});
function t_ch_gr(w,w1)
{
if ($('#t_div_'+w).attr('class') == 'fa_YESselect')
{
$('#t_div_'+w).attr('class','fa_NOselect');
$('#t_div_'+w1).attr('class','fa_YESselect');
$('#t_main_'+w).css("visibility","hidden");
$('#t_main_'+w1).css("visibility","visible");
}
else
{
$('#t_div_'+w1).attr('class','fa_NOselect');
$('#t_div_'+w).attr('class','fa_YESselect');
$('#t_main_'+w).css("visibility","visible");
$('#t_main_'+w1).css("visibility","hidden");
}
}
function ch_vkl(w)
{
$('#rate').css("visibility","hidden");
$('#exchange').css("visibility","hidden");
$('#real_estate').css("visibility","hidden");
$('#rate').css("display","none");
$('#exchange').css("display","none");
$('#real_estate').css("display","none");
$('#'+w).css("visibility","visible");
$('#'+w).css("display","block");
}
function fin_show1_tab(t,show1) {
fin_hide1_tabs();
//document.getElementById(show1).style.display = "block";
document.getElementById('li_'+t).className += " current";
}
function fin_hide1_tabs()
{
//if(document.getElementById('t2')) document.getElementById('t2').style.display = "none";
//if(document.getElementById('m2')) document.getElementById('m2').style.display = "none";
//if(document.getElementById('w2')) document.getElementById('w2').style.display = "none";
if(document.getElementById('li_tab_4')) document.getElementById('li_tab_4').className = document.getElementById('li_tab_4').className.replace(/ +current/, '');
if(document.getElementById('li_tab_5')) document.getElementById('li_tab_5').className = document.getElementById('li_tab_5').className.replace(/ +current/, '');
if(document.getElementById('li_tab_6')) document.getElementById('li_tab_6').className = document.getElementById('li_tab_6').className.replace(/ +current/, '');
}